11982.000000
0 6 7 11 19 24 31 44 
1 5 7 11 22 23 30 44 
2 4 7 13 18 27 29 46 
3 4 7 12 20 22 35 43 
4 3 8 12 21 22 31 47 
5 2 8 16 17 25 30 45 
6 1 9 16 17 24 30 47 
7 1 9 15 16 28 29 47 
8 1 9 14 17 28 29 46 
9 1 9 13 19 26 30 45 
10 1 10 12 22 24 30 43 
11 0 10 13 20 22 32 47 
