28934.000000
0 5 6 11 21 25 31 58 
1 5 6 11 21 25 31 58 
2 5 6 11 22 23 35 54 
3 4 5 16 17 28 29 60 
4 4 5 16 17 28 29 60 
5 4 5 16 17 28 29 60 
6 4 5 16 17 27 29 63 
7 3 5 17 18 27 28 63 
8 2 6 17 18 27 28 63 
9 2 6 17 18 27 29 60 
10 2 6 17 18 27 29 59 
11 2 6 17 18 26 29 60 
12 2 7 16 18 26 30 59 
13 2 7 16 18 26 30 59 
14 2 7 16 19 25 31 57 
15 2 8 15 19 25 31 57 
16 2 8 15 19 24 32 56 
17 1 9 15 19 24 32 55 
18 1 9 14 19 26 30 59 
19 1 9 14 20 24 33 55 
20 1 9 14 20 24 33 55 
21 1 9 14 20 24 33 54 
22 0 10 14 20 23 33 55 
23 0 10 14 20 23 33 55 
24 0 10 13 20 26 30 58 
25 0 10 13 21 22 35 54 
26 0 10 12 21 26 31 57 
27 0 10 11 22 25 32 56 
28 0 11 12 21 22 35 54 
