28913.000000
0 5 6 14 17 23 33 59 
1 5 6 14 17 23 33 58 
2 5 6 13 18 22 34 58 
3 5 6 13 18 22 34 58 
4 4 6 15 16 28 29 62 
5 4 6 15 16 28 29 62 
6 4 6 15 16 28 29 62 
7 4 6 15 16 28 29 62 
8 4 7 12 18 25 31 63 
9 4 7 12 18 25 32 60 
10 4 7 12 19 22 34 57 
11 4 7 12 19 22 34 57 
12 4 7 11 19 25 32 60 
13 3 7 15 16 27 30 61 
14 3 8 11 19 25 32 60 
15 3 8 11 19 25 32 59 
16 3 8 11 19 25 32 59 
17 3 8 10 20 24 32 62 
18 2 8 14 17 27 30 61 
19 2 8 14 17 26 30 67 
20 2 9 10 20 24 33 59 
21 2 9 10 20 23 33 62 
22 2 9 10 20 23 34 58 
23 2 9 10 21 22 37 56 
24 2 9 10 21 22 37 56 
25 1 9 14 17 25 30 67 
26 1 10 11 20 21 37 57 
27 1 10 11 20 21 37 56 
28 0 10 14 18 22 34 58 
