28912.000000
0 5 6 16 17 26 27 64 
1 5 6 16 17 26 27 62 
2 4 5 17 18 26 28 60 
3 4 6 17 18 24 29 60 
4 4 6 17 18 24 29 59 
5 3 7 16 17 26 28 62 
6 3 7 16 19 23 29 60 
7 3 8 16 17 26 27 62 
8 3 8 16 17 26 27 62 
9 3 8 15 19 23 30 59 
10 2 9 15 19 23 30 59 
11 2 9 15 19 23 30 58 
12 2 9 15 19 22 31 58 
13 2 9 15 19 22 31 58 
14 2 9 14 19 25 26 79 
15 1 10 14 20 22 32 58 
16 1 10 14 20 22 32 57 
17 1 10 14 20 21 33 57 
18 1 10 13 20 25 28 62 
19 1 10 13 20 25 28 61 
20 1 10 13 20 25 28 61 
21 1 11 12 21 22 32 57 
22 1 11 12 21 22 33 56 
23 0 11 13 20 25 28 61 
24 0 11 12 21 25 29 60 
25 0 11 12 21 25 29 60 
26 0 11 12 21 24 29 61 
27 0 11 12 21 24 29 60 
28 0 12 13 20 21 33 56 
